1.033938976712580043e-03 1.114476887276698129e-02 9.468031759834685257e-01 2.295366265420024574e-02 2.259090154551970670e-03 1.790274022238967947e-03 2.617641082958868052e-03 3.521721686814132703e-03 7.875726566287705524e-03
2.275912593941865347e-01 6.793654208871547917e-01 4.454973560509806196e-02 1.203849880640963689e-02 9.346151723194733724e-03 9.839290764771194825e-03 4.758559628052274129e-03 3.372682956158261185e-03 9.138400234974483963e-03
1.456424629259198480e-02 1.282154331576049709e-02 8.288462941088100555e-01 1.166443587443886792e-01 1.833261988683593854e-03 7.393769210174516368e-03 3.359415131781891099e-03 8.271526737321451689e-03 6.265584470487190263e-03
4.208672118939599596e-03 4.961802884954394921e-01 4.435006187125057342e-01 3.697503215676191390e-02 1.948624396601296438e-03 1.842923409010623764e-03 4.798744477855785076e-03 7.811160492828689034e-04 9.763980183602739144e-03
5.567160643046608834e-03 3.228495164100549184e-03 9.780894213115361169e-02 7.999768196634936546e-01 4.242077484281700159e-03 1.046309910367023213e-02 3.566410153290671542e-02 9.174401764782617874e-03 3.387490251256438517e-02
6.220315208749504360e-03 2.995104231011406354e-03 1.293296031270368407e-01 8.339115726862198485e-01 2.545052586640339076e-03 4.147015941214458358e-03 1.262861509172911404e-03 3.626678050961620707e-03 1.596179665899316244e-02
3.156968575169913447e-03 3.894055081583384231e-02 8.531170071317655257e-01 5.718654413604129516e-02 2.971543514030907523e-02 3.800144387300038919e-03 3.025231592307158369e-03 2.677464745116943899e-03 8.380653476156242968e-03
1.227533999491519853e-02 5.490238021644600064e-01 2.428730709682282163e-01 8.388364148900880057e-03 4.632502965226258443e-03 1.643729279861349535e-01 3.831079439097606620e-03 4.215647768093608999e-03 1.038726456494335967e-02
1.163342632902055569e-03 2.986965329440754435e-01 5.783575182102799195e-01 1.155654584503447435e-01 1.502129830876011707e-03 1.284185961477489935e-04 1.576284459635394260e-03 7.845155206622278022e-04 2.225799355076391994e-03
3.296508768995604684e-03 7.019763484412894217e-02 8.769452787029260454e-01 7.470443190464253966e-03 1.090730378584512869e-02 7.858238984111701880e-03 3.820120150176507280e-03 1.133010335093327658e-02 8.174368222418588320e-03
2.124333575460052581e-01 1.143667865863758938e-02 6.290689102656010778e-01 7.865377907462176021e-02 8.893389467475943180e-03 1.795513136901381521e-02 8.563380026421991975e-03 2.530149735920948079e-02 7.693876233013104138e-03
1.393425912016385548e-01 7.013130787382321207e-01 1.146444650220723449e-01 1.007339557852011264e-02 2.177002556528459531e-03 1.479279734855680137e-02 5.356663511895187052e-03 7.700997040604708188e-03 4.599009001951629219e-03
1.924043312265467562e-04 7.888879067941446666e-01 1.333795387179866343e-01 3.441833900101960025e-02 1.297280226402565406e-02 2.148459559544904033e-03 1.239784882054300805e-02 9.217919289294555091e-03 6.384781222214544472e-03
7.007219573313541901e-03 2.890095110696799807e-02 3.024462989764900578e-01 5.025340243615303987e-02 3.590890004339893256e-03 1.373435445510357879e-02 3.124247291650663391e-03 6.528619676783390877e-03 5.844140164791979952e-01
1.904699968739741135e-03 2.492856931452329654e-03 9.478194326653728297e-01 3.330769779614790871e-02 2.150088955823205826e-03 3.404742808408155186e-03 1.394023630432450044e-03 1.836545170459944311e-03 5.689912073163482312e-03
5.094726419539367945e-02 4.163155325314989857e-02 2.877071388819407161e-01 5.485266528106496065e-01 1.189806893686834802e-02 1.371843623440084647e-02 3.843476048746026497e-03 2.008273709660187561e-02 2.164467254224904796e-02
1.214226630706610581e-04 2.010353860358079781e-01 7.785483340434218302e-01 6.695521105770890595e-03 1.619654082339050394e-03 1.902579907032145735e-03 3.877019425039914501e-03 1.391146324822163313e-03 4.808936412695362025e-03
3.116781661323105544e-03 2.289125305230561847e-02 8.720202887843628847e-01 4.063714570983555097e-02 2.705089010104646391e-02 7.752225178734721209e-03 5.921443782598469728e-03 9.639444675772252877e-03 1.097052705402087533e-02
1.820058109652497591e-02 8.657930532590899647e-03 6.430947479893068808e-01 1.991287278000432037e-01 3.185862711284246588e-03 5.408121902348896753e-02 1.422043802138575098e-02 2.137215379938987164e-02 3.805833902598516200e-02
8.193660150823539601e-04 1.137284841415966974e-03 9.391560997566322788e-01 4.829428750445594748e-02 9.989170719901594841e-04 1.315682719682371949e-03 8.813104524687403758e-04 2.052690287741722620e-03 5.344361350530466362e-03
8.049547905423341115e-03 4.971187082628938242e-02 7.449466509132672831e-01 1.184662308621708682e-01 7.527073553225814562e-03 2.232072575642767703e-02 1.236287307093343960e-02 1.864341076233183916e-02 1.797161634993036869e-02
5.360490029576936259e-03 4.430394006097036763e-02 9.013730814775851030e-01 3.231967499041740743e-02 5.195356433485389877e-03 1.043655755964131892e-03 1.400194404562185623e-03 3.506842582926916838e-03 5.496764264511361069e-03
6.221581905738488016e-03 5.462194131079710635e-01 3.098965425099167170e-01 5.079919406816261335e-02 1.178918535544476627e-02 8.876691640120188548e-03 4.928953042090478132e-02 5.144209115563731609e-03 1.176365187617764950e-02
5.754026985559377357e-04 8.982836899910561987e-03 2.353034790464118287e-01 7.330222174025518012e-01 1.077964976936739497e-02 1.008850691171174268e-03 1.987926310847309801e-03 3.143278125448199789e-03 5.196359055735818092e-03
9.131668508676402118e-03 2.248603186663649181e-02 8.845729794768452114e-01 4.295921278247104291e-02 2.198680096783282942e-03 1.110488138074928501e-02 1.363518022884288236e-02 1.703425944509783267e-03 1.220793971448561922e-02
7.728651814770158904e-03 2.304382708559516574e-02 7.923989891167294852e-02 7.405464098271647977e-01 1.170933977466592085e-02 1.508996545090504279e-02 5.369210526093698421e-02 5.206945236759757956e-02 1.688034950669139653e-02
2.882753851460623414e-03 1.875478715671989247e-02 8.475140745471883008e-01 9.512119811797861701e-02 3.449684431018481927e-03 2.462441470142223005e-03 1.029626656164691224e-03 2.229476730839738408e-02 6.490666460929600881e-03
3.768034115575309706e-02 6.553148013045184683e-01 1.154404532799887251e-01 2.432463548345924556e-02 1.339330230031554325e-01 4.239655477699612665e-03 9.859777118781727634e-03 1.323422836977170003e-02 5.973084806871945159e-03
6.835518639460072196e-03 7.322676601127416085e-02 3.925025831618180194e-01 5.020671073637342774e-01 6.454700878805150026e-03 5.742154369701409425e-03 4.018956125576944420e-03 2.440322261758516749e-03 6.711891187871433032e-03
1.289545830840758674e-04 5.183055873028632674e-03 9.723321376542685135e-01 6.009801282418653946e-03 1.262194988719457771e-03 1.976980181411096792e-03 2.892845675607884533e-03 2.101536278125059644e-03 8.112493483336554942e-03
6.957262696102193764e-03 1.868357004383506409e-02 2.340897099781714605e-02 1.303802694066006143e-02 2.830634628442179213e-03 1.380393480676222195e-01 3.076654864311701484e-03 7.884092420392210254e-01 5.556289721988275435e-03
6.183130899948184878e-01 2.532081996650911715e-02 1.730182831493189965e-01 2.230231013222038622e-02 9.493833310471859466e-02 1.122469111217335759e-02 3.873683521510000449e-02 1.032455443908164225e-02 5.821082886059395986e-03
4.056112614537412883e-03 4.667923690060605917e-03 9.403651670709743948e-01 3.306518963814274181e-02 3.318545667164888441e-03 9.364734337261624653e-04 2.499992212663680862e-03 5.168093698433426884e-03 5.922501974296737193e-03
1.143161065705403101e-03 2.994279511589804672e-03 9.687403372887393171e-01 1.264770606896875593e-02 1.913172199557189659e-03 4.925948854940066964e-03 1.154946458901000327e-03 1.943726059525140897e-03 4.536722492073154769e-03
7.875815873186507027e-03 4.885084035098338079e-02 7.208548958379284999e-02 5.029846403912076325e-02 4.105051308882964531e-03 1.038828925639311007e-01 7.841429767475777829e-03 6.894939036586335002e-01 1.556611285399311408e-02
9.651526754082867879e-03 1.472012643966372561e-02 9.033851879024826781e-01 3.283515113959444010e-02 9.043858201586771686e-03 8.674897437319280605e-03 7.558782517473815535e-03 7.381552409774952243e-03 6.748917198021485604e-03
3.624830642088099075e-02 7.452654152777313246e-02 1.827016336230377624e-01 1.228617346939590710e-01 1.702911324139745608e-02 2.925975035720227921e-02 1.263323691851116759e-01 3.993734123639368638e-01 1.166713858670074058e-02
1.891894044832603209e-03 5.441264061583214566e-03 4.629857785422485800e-02 2.737781018339863204e-02 1.261629067982464065e-03 7.104705731819536615e-03 2.597265015984243641e-01 6.382460206192738239e-01 1.265159683846046358e-02
2.476767999358747141e-01 1.290345040114044238e-02 1.302509393904200709e-02 3.061806253692894719e-02 4.525640598938479586e-03 6.770580380067524606e-01 1.857129083022750898e-03 4.995696315919926495e-03 7.340089182380185769e-03
3.293125434679711888e-02 2.562575826162709000e-02 3.925864780737512438e-01 4.836156336909314679e-01 2.363169827235369214e-03 9.711021006400019639e-03 2.002513657946727952e-03 2.169334407832785444e-02 2.947082705698304134e-02
4.768343521677699537e-02 1.578956061646377140e-01 9.161896256810153627e-02 6.189148091030423071e-01 1.089910303292467887e-02 3.653343077996128174e-02 2.957671761219405910e-03 1.845545747020956376e-02 1.504152390312647400e-02
2.884607065545315985e-01 2.258701160419377546e-02 1.749486434818479097e-01 1.399907941848597959e-02 4.080008262580574474e-01 4.011358204146159290e-02 3.218584752183140888e-03 3.759764749004163020e-02 1.107391839919685469e-02
5.886920992862716695e-02 7.842555452752015752e-03 8.359826738141329372e-01 8.025555296023473284e-02 4.060878723605865735e-03 1.016983257808387869e-03 6.638701879912299597e-03 1.407467714476381623e-03 3.925976268450248434e-03
1.935243506916343309e-02 3.670520372559694933e-02 1.691276028350488167e-02 6.831071703328681077e-02 7.255285843872599609e-03 7.204117800121460080e-01 3.189517114429341049e-02 8.737944337557659868e-02 1.177720351255921553e-02
1.199656726002188215e-02 2.010632550347194736e-01 7.944698237211605951e-02 4.101617117181541872e-01 2.024966540180440228e-02 1.748365588970686724e-01 6.768502050988525927e-03 4.283766353504981500e-02 5.263909373007700371e-02
1.394979598959614079e-03 3.697766526262027779e-03 9.036203197181341684e-01 7.367704645598001367e-02 3.650437778739332000e-03 1.618160623943737386e-03 6.635100860186098461e-04 5.053363773658369959e-03 6.624415438304147134e-03
6.063028142045528155e-04 3.288982186965729113e-03 9.428616141044064980e-01 3.837314926532782444e-02 1.777790426510674664e-03 1.086730848887289833e-03 5.947183280734664665e-03 3.480715229901715831e-03 2.577531843061152232e-03
3.042940671335112035e-02 3.277586128467476767e-01 1.942912195619250215e-01 1.715148116330486860e-01 7.872929506456440019e-02 4.512267515347510166e-02 5.477534120862528194e-02 2.783485123076772164e-02 6.954378658749507669e-02
1.584306173033882617e-02 2.451028813992903871e-02 7.994693167842561454e-01 1.440144374096393176e-01 2.820751388176640818e-03 2.813199532745865820e-03 1.142913037089064200e-03 3.624415219066869000e-03 5.761616758758155050e-03
9.502801169185955132e-03 1.553268097517856473e-02 7.268040245113438491e-01 2.198818535994114531e-01 4.182576203848016941e-03 1.145441482643263197e-02 3.437387670500546659e-03 4.303986121774113459e-03 4.900274922324835900e-03
3.369746458476090278e-03 8.533908458215957449e-01 2.593310795034507385e-02 2.596493490461633871e-02 2.293550553142201590e-02 1.091832927497052470e-02 2.376660113315366002e-02 1.615021248128974823e-02 1.757071644413086067e-02
1.214843054633320610e-02 6.909807850924066901e-03 8.992102075219553237e-02 7.137302646650732774e-01 5.260537377889573825e-03 2.032376901418355905e-02 1.432182209904788762e-02 9.497964026549626793e-02 4.240470742885667221e-02
4.403977658480386428e-03 1.273445832652501594e-02 9.008493641753230474e-02 1.891087212403903539e-01 2.262263693680321118e-03 3.244968744741172362e-02 1.662635590854252138e-02 6.369443105954265549e-01 1.538528871201079971e-02
3.439617139929930338e-03 1.115074060138331567e-02 5.224134919487524176e-01 4.394223545538843423e-01 6.033173356426673947e-03 5.450445136005849754e-03 2.175770726927018194e-03 2.447699002491611313e-03 7.466707534198859138e-03
9.398438334005958152e-04 1.697573444280620625e-01 8.076962969092120748e-01 7.537213592504400650e-03 1.741614136267049997e-03 4.604029364982212789e-03 3.002218847183151830e-03 1.317819791717528581e-03 3.403619096670944776e-03
5.827165069847442536e-03 9.443770255377768180e-03 3.739090465302729038e-01 5.920353336559531776e-01 2.257888896456253843e-03 2.735085862046251603e-03 9.559673374701982201e-04 4.915420648702655167e-03 7.920321743873349335e-03
9.020023610461596481e-03 1.876515521133577044e-02 9.570149606556524469e-02 6.874123856141367561e-02 8.328206123361960728e-03 7.497510064036501110e-01 2.096396903848642482e-02 1.273249398643809017e-02 1.599641099928714866e-02
5.104420034915203679e-03 6.567452643504612109e-01 1.703801244696595829e-01 1.746079260559262394e-02 4.221501289816357444e-03 1.026478998914124724e-01 7.027238969308427681e-03 1.803756802342737151e-02 1.837519036540664202e-02
4.304467213252317036e-03 9.551526076735494808e-02 2.047227941018300856e-02 8.340952013905166273e-01 7.123279459251959100e-03 9.492830567416791349e-03 3.690922231444141756e-03 5.249496332779535895e-03 2.005626262780051822e-02
2.139496371657298099e-02 2.054232833871452030e-02 4.393925090786524601e-01 3.144297213684416059e-01 2.032690692398924845e-02 3.741276801608432734e-02 5.507303741151283599e-02 3.066422503044484091e-02 6.076354011558714185e-02
3.879509820448962735e-04 9.752649882631290925e-04 7.280462231908698678e-01 3.068319556653982191e-02 1.063923368297043075e-03 2.045811809838031792e-01 1.979417959725679119e-02 6.018942950823333478e-03 8.449138372102043756e-03
2.465204953440723948e-02 7.548727202097900435e-02 2.715324020327091747e-01 1.641104225028005847e-01 4.003434209917038911e-01 2.484192364145756254e-02 1.342921317615903762e-02 1.129124079735719342e-02 1.431205530242625132e-02
5.350954147580826679e-03 3.122697105206214546e-02 7.343778868112356140e-01 1.092417237126152851e-01 1.055027687959015151e-02 2.258652867122015045e-02 4.647299699119215172e-02 2.837879356192583424e-03 3.735478237831109383e-02
3.339680927673150355e-03 7.261537194558334574e-02 4.526697987648071186e-01 8.668156867904797114e-02 2.626574990695406363e-03 3.542225311883828720e-01 1.579184973315487421e-03 2.067113626018127551e-02 5.594152270313314940e-03
9.439151589695618516e-03 7.416136069518150173e-03 7.062050466422734041e-02 1.482038853443496951e-01 7.556588599024637032e-02 9.563099214910140977e-02 1.156276978002879555e-02 5.476612026232734465e-01 3.389947178955906443e-02
2.441925762489956797e-01 2.965795395229488263e-03 6.447992300940845745e-01 9.983877129504525882e-02 6.420987756237812568e-04 6.075079771513481946e-04 8.686706715977602494e-04 3.278233418032909475e-04 5.757526200468807143e-03
4.009857023591581297e-03 3.882230331823467544e-03 9.071811747723383945e-01 5.959452640308599003e-02 2.200908525616357414e-03 2.598408061338735274e-03 2.818208898711174921e-03 3.024749246362346509e-03 1.468993673713186142e-02
5.687256813501693001e-03 1.164988599467023239e-01 7.327572586565337387e-01 1.055668862747900505e-01 9.025060962875319087e-03 6.533200071290677646e-03 1.132223172281706389e-03 7.129384956591012894e-03 1.566986914543347029e-02
2.670437628602286353e-02 7.941276068566436308e-01 1.335579371548109850e-01 1.350689878120458175e-02 2.981606056311731680e-03 8.176856617560146825e-03 3.990960604992702630e-03 4.027892730176041089e-03 1.292586491227740685e-02
3.177915672858473012e-02 4.654229060065262491e-02 7.924052139402004702e-02 7.824680532202617569e-03 7.562935580694487951e-03 7.926212715280737120e-01 5.550837808045176215e-03 2.277898944111627147e-02 6.099316386610545253e-03
3.221591801676605693e-02 8.337605427284218162e-01 9.839395979055999553e-02 9.666831951981605386e-03 1.013653253717994307e-02 4.301414597818567151e-03 2.485762108294659132e-03 4.193207682450357521e-03 4.845830586527073193e-03
1.268875970377121576e-01 6.660289187747119311e-01 1.588062031367029614e-01 4.615662521857079661e-03 2.639957745579595699e-02 4.233761350487651003e-03 8.738608805468018811e-04 2.791810208191567323e-03 9.362608633993919557e-03
1.138892113615935743e-03 7.040347641353014718e-03 6.266024957476231672e-01 3.587353567268419807e-01 6.042916456353034311e-04 7.993856461447851423e-04 1.989662571612383409e-03 8.900243916146815485e-04 2.199543515558595799e-03
2.528823558267429689e-02 7.397234646186681695e-02 4.639127037824075650e-02 2.754427768719542799e-02 1.114128059235691345e-02 3.248245707003259430e-01 3.829435966280619712e-03 4.554214791899854342e-01 3.158710344107377999e-02
2.180081048181675175e-03 8.198230359005092074e-03 2.865041884849205411e-01 6.859365553694695139e-01 2.468496328381013499e-03 1.391491961507662243e-03 6.095807866587187387e-03 3.842495841696060097e-03 3.382652740251331034e-03
1.994336322087135807e-02 5.523815371409107958e-03 1.775474508372756194e-02 8.426494044900998404e-01 4.735129920515804280e-02 2.103479922257819879e-02 3.054507579172655723e-02 6.022913302127136208e-03 9.174584312302312000e-03
5.443940602478024478e-03 6.992338914250256776e-02 3.503387388269473268e-01 5.312811343984842338e-01 5.391297527773354289e-03 6.651449356986102388e-03 5.875119590833326536e-03 1.374745770394634505e-02 1.134747285004872146e-02
5.996383680563946439e-03 4.472748880321919009e-03 9.103064703899541588e-01 6.811155268387128481e-02 1.569324707503252578e-03 1.200025604071740942e-03 3.138402424641714792e-03 1.694904187356206186e-03 3.510187441715917865e-03
3.987332519763720461e-03 1.877380834045378269e-02 7.365990743430216037e-02 5.062615911191201828e-02 4.991218924893725366e-03 8.304176644538738272e-02 2.850474422898498922e-02 7.189703447986717233e-01 1.744471819563040565e-02
9.234469223196638613e-03 7.906650384135197052e-03 9.002562354975376380e-01 4.238829625479577368e-02 2.855085062120072802e-03 1.128673817110937595e-02 1.270968824010935147e-03 1.380944733416286652e-02 1.099210924893156277e-02
3.070650350462287292e-01 4.352699116255328571e-01 3.249366650143090118e-02 7.745207223296800281e-02 2.425146692793355915e-02 2.047609777576987061e-02 6.632399056643438484e-02 7.660904193925827284e-03 2.900685512977587213e-02
1.707055619285366421e-02 5.838141857127464307e-02 3.895601343735750205e-02 8.036343519312125760e-01 1.843019323131295933e-02 1.593641684044931270e-02 6.140305027449431165e-03 5.450357927666520282e-03 3.600038684042328185e-02
1.190522660570313574e-03 2.074645414208207278e-02 9.106320846139711600e-01 3.896455722525457577e-02 1.118917383691327670e-02 7.972528488901084107e-03 1.169845833384444657e-03 3.838053460737598371e-03 4.296779738185609564e-03
1.792577986241941645e-02 4.073218709688887496e-02 6.453871945439224045e-02 1.871313544228609127e-01 6.602529107144652354e-01 8.713121148181898062e-03 3.175751176357123010e-03 3.802343684390747328e-03 1.372783244004354385e-02
1.093778239919156875e-02 6.465200742536088112e-03 8.614841812027220769e-01 3.196550886479358755e-02 5.596737127346180542e-03 7.836071395896655745e-03 5.425998816574283470e-03 1.946370086801933481e-03 6.834214936413766928e-02
7.846917582264172769e-03 9.132484925936256229e-03 9.186914967632218987e-02 7.352839511927301668e-03 3.767130712522179757e-03 6.809695214091474602e-01 5.645574351120260376e-02 1.345295912887739254e-01 8.076621381903893032e-03
7.522225482559144125e-03 8.931721643500849933e-03 9.275123550096910918e-01 3.160231367470957980e-02 6.568180260558628344e-03 2.924178180795938917e-03 1.976853464144627016e-03 3.365116426265802631e-03 9.597055857774251103e-03
6.948213902265647571e-03 1.728702560154761134e-02 6.681212193895593732e-01 2.835191851091604098e-01 4.132672636584709853e-03 1.667526988732819697e-03 3.714803542324759782e-03 8.321108681691568448e-03 6.288244148133131754e-03
1.824210363039175482e-03 3.859751977768999254e-03 8.235219466558476586e-01 1.552351821990194947e-01 3.062559235880832516e-03 4.335520631315166636e-03 2.542979221813447717e-03 1.480322487457184488e-03 4.137527227858155306e-03
1.360802804837783590e-03 2.016751440965150032e-03 3.268683341054299252e-01 6.536168325462280437e-01 3.441781610678450176e-03 2.829166618387058720e-03 6.842273252524147704e-04 3.050828333253778092e-03 6.131275214967416530e-03
7.963708153151283654e-04 6.568441374061398386e-02 2.136510132852914301e-01 3.423924494973390464e-02 1.769531544313188241e-03 9.717883019525898336e-02 1.199579211454793182e-01 4.378104623239611470e-01 2.891221200003293162e-02
1.033938976712580043e-03 1.114476887276698129e-02 9.468031759834685257e-01 2.295366265420024574e-02 2.259090154551970670e-03 1.790274022238967947e-03 2.617641082958868052e-03 3.521721686814132703e-03 7.875726566287705524e-03
5.864324144758799040e-01 2.997656295542400900e-02 6.508848656858390314e-02 7.402209170640583480e-02 1.748916477813910325e-02 1.673141246043944805e-02 1.461629397058865076e-01 1.899771045509170142e-02 4.509921689414966156e-02
3.925329308639742554e-02 4.225077402081731798e-02 1.264218399177306773e-01 6.409077550060757744e-01 1.590255501142410002e-02 9.850220788632464697e-02 3.628728378958556711e-03 1.905006545105115620e-02 1.408278124122031537e-02
7.741360302655183982e-03 8.808232552057608522e-02 1.040045333411186157e-01 4.989766721250963113e-03 3.704875265137220174e-03 7.644782544461187213e-01 5.343562006999529046e-04 1.311563737820471698e-02 1.334889082423857364e-02
1.341061958110195164e-02 2.428771404381125515e-02 7.291289945694021113e-02 7.379456603103790036e-01 2.379396963489346234e-02 6.223589134249875310e-02 2.622016134244843297e-02 2.024135982133684619e-02 1.895172446658999893e-02
8.925763801840522205e-02 2.270426019552037877e-01 9.553807660144565672e-02 1.411521740474592501e-01 5.713421179892328242e-03 2.414323296681900877e-01 8.916133877634502269e-02 9.001732801681817941e-02 2.068509173624052955e-02
5.822284024147845669e-03 1.480302964224484638e-02 9.627363133152619934e-01 4.138829690660620828e-03 2.293613985055475892e-03 1.046896572583840869e-03 1.201629961958565170e-03 2.123426065255962399e-03 5.833976742830808415e-03
2.379980912678777462e-03 1.291820479525134825e-02 1.115316764529050986e-01 7.873867634572129237e-01 3.851959502845141246e-03 3.972086785859562860e-03 6.454647837018197276e-02 5.975819897574586974e-03 7.437029825490752526e-03
7.850447429482893674e-03 6.372489187600793858e-02 8.135241919338739303e-01 4.303654814697001341e-02 2.160360028392813159e-02 1.718619399587107202e-02 1.965279090202465273e-02 8.109994446161615175e-03 5.311340985679894808e-03
8.791615914360981915e-03 5.645789774913732850e-02 1.892660286659190311e-02 7.149558706319350532e-02 2.330753515002663857e-03 7.592048733400936777e-01 3.395367557891636190e-02 1.300008575225088114e-02 3.583890822045279062e-02
7.789880198998497263e-03 1.143622791630631436e-01 1.852570535428935475e-02 1.308806072080408688e-02 5.706212846414269839e-03 8.097853889776341907e-01 6.037889366770516145e-03 7.632985758135597820e-03 1.707159761389039423e-02
1.281113458795090330e-02 1.791682719550510144e-02 1.714342925983198263e-01 7.960230286876482375e-02 4.929936621499830807e-02 2.244653779313308672e-01 2.540990286276286758e-01 1.798731016009507966e-01 1.049856837455060560e-02
1.235593367534018952e-03 4.756258692549937724e-03 8.981941424713779654e-01 8.592804254120994800e-02 2.430153132858115135e-03 7.464787025202801940e-04 9.641072868953722225e-04 8.004837253915998143e-04 4.944740079662677049e-03
2.716437846144923157e-03 5.735212594893765274e-03 1.037734410608048413e-01 2.075392912125496522e-02 6.458188952648787236e-03 1.271780953613580768e-02 6.775541987344521622e-02 7.765760788230642309e-01 3.513482191607408822e-03
7.844814912877775409e-03 1.809388314187044752e-02 9.265467345951341471e-01 2.722817607401512019e-02 3.072980103070003816e-03 2.830494849462295882e-03 3.089566370455660259e-03 4.877852463261729554e-03 6.415497489852849296e-03
7.758468359336870290e-03 2.085649853350867236e-02 2.558677566092396050e-01 6.740521679701951818e-01 1.278845055782013539e-02 4.533145985092386712e-03 5.006226408766469363e-03 1.037700852188718804e-02 8.760277054153570858e-03
2.118335132007048704e-02 1.488111580775864848e-02 8.969033801007337825e-01 4.964937459352031235e-02 5.300984692352532848e-03 1.497762980681122385e-03 1.629118345746242980e-03 4.015633012087653150e-03 4.939279147049219568e-03
1.662093731453415536e-03 5.299536056830776026e-02 4.441307343130845853e-01 3.049414364238883096e-02 2.157150426182787017e-03 1.488709959052493884e-02 2.228987198753217824e-01 9.860706789030616870e-02 1.321676299624297835e-01
2.326665307319604123e-02 5.642593127137370684e-02 2.264592029533608539e-02 8.331029136865069074e-01 9.935872754715632110e-03 8.826080324010377592e-03 2.831634604668527982e-02 4.619611059361021337e-03 1.286067148881498388e-02
1.934549994519071392e-01 1.617921441050946540e-01 3.906104399651626480e-01 4.467734487936955018e-02 3.828607700529998523e-03 5.207052761595527823e-02 5.440083007261513337e-02 6.554886897030784421e-02 3.361623723905780847e-02
3.345065633896220168e-03 1.957707317816434478e-02 8.936401920784506903e-01 5.293021894647485098e-02 4.247856008395054991e-03 5.604830910320065737e-03 2.800259609453046878e-03 8.284366274115740128e-03 9.570137360730038983e-03
3.270202693746852764e-03 1.040616872618943950e-01 6.872117723379636001e-01 7.932371901982356033e-02 2.234592716670600471e-02 3.761679544936772333e-03 5.964891828629557274e-02 1.133144970132992334e-02 2.904464398730331395e-02
8.009395739566047556e-01 1.102790979781018491e-02 5.014107277745031427e-02 1.037195776233940797e-01 4.795360655354267629e-03 1.754125055366648894e-02 2.775283439431774739e-03 2.178669017295233653e-03 6.881302178993052750e-03
3.131797918662775591e-03 1.911364294744482412e-02 9.022124029949101232e-01 4.177460300178308800e-02 6.896872385172265682e-03 5.805287001798991632e-03 7.234249137978153096e-03 8.864492507969530879e-03 4.966652104280490712e-03
1.472855956254395804e-02 7.494042728360500623e-03 3.041578165841621328e-01 6.422995496758233669e-01 1.291324862433987364e-02 1.519626829246194331e-03 2.480033440913661028e-03 2.160905469331120266e-03 1.224621708527909997e-02
1.308715470122700109e-03 1.972784951756431995e-02 3.545292388718256360e-01 6.052683205366957697e-01 6.050409876520947486e-03 3.498757585980313660e-03 3.383416726861493938e-03 1.982159330153018470e-03 4.251132084275685737e-03
6.316091991311787238e-03 4.398714826680368700e-02 3.742202012545713108e-02 8.488894332404575138e-01 1.187093890627237414e-02 2.906056582902451918e-02 3.409591338652550457e-03 9.613187023689812732e-03 9.431023278330544560e-03
3.875487893761523500e-03 2.202749575654411231e-03 8.517249096045939050e-01 1.224006838066099556e-01 4.415922859906473361e-03 1.751861630050452088e-03 6.009014918840602584e-03 3.666141905744362689e-03 3.953227804838419998e-03
2.320954824558033730e-02 1.650572380734013217e-02 6.892129006941984937e-01 2.208442347562430130e-01 3.208005524466714300e-03 1.458174059058757466e-02 1.209751379390639576e-03 1.550893328599755108e-02 1.571916171619550107e-02
3.108451459351865287e-01 3.743943149032625817e-01 1.184130214933453995e-01 5.978383642631616979e-02 6.359262980013036248e-02 3.780958485248907958e-03 1.713366003868243420e-02 9.033590971793839172e-03 4.302284194603376438e-02
2.992777609971198835e-02 2.503878733030041603e-01 1.770600988275054105e-02 8.509235609954338142e-02 5.920587885257180272e-01 5.050921090439074515e-03 6.786784408885315929e-03 5.460699623428611101e-03 7.528790966518895782e-03
1.405572635298928674e-01 3.417297470180137298e-01 3.195923026997305461e-01 1.358911470081958228e-01 1.371577977738083244e-02 8.752426132625258648e-03 5.204803994043874157e-03 8.212467573453957267e-03 2.634406226666309928e-02
1.876569374866823847e-02 1.855068183749070398e-01 1.734852024828163197e-01 8.193178765696336463e-02 2.241930310800259799e-02 1.104105450770110214e-01 4.896463478191986213e-02 5.726230294314269692e-02 3.012537118265689040e-01
4.825662458885096248e-03 6.373984306886076867e-01 2.882817111746309724e-01 5.150541660611982625e-02 3.876612514924267054e-03 2.668174270624906318e-03 2.521917600137042748e-03 5.623283816064102332e-03 3.298790870006188848e-03
8.917544620760489357e-03 1.611121545104370334e-01 1.130627186163268849e-01 7.283250856533372668e-03 8.746586591567134458e-03 5.228534886221616190e-02 8.279481253914515448e-02 5.305677172685012710e-01 3.522986613451256632e-02
3.194560020924527236e-03 1.459008295075404915e-02 9.755920534740007699e-02 8.407756437169778829e-01 1.412323979875098430e-03 2.936261913339622415e-02 1.299017152296736170e-03 2.508881063007658684e-03 9.297666635367778792e-03
1.295307599286854832e-03 4.167740266786025202e-03 9.450969933283355218e-01 4.221262776185730897e-02 9.134382696255188838e-04 5.097386384390292140e-04 9.316024051256165551e-04 5.079860162069456007e-04 4.364565714337227328e-03
1.560061578751257162e-03 5.269130607086374152e-01 3.303147994595406201e-01 7.261667982745095840e-02 2.080681906797330477e-02 6.289052862810770583e-03 2.659497728336049360e-02 4.715447480518419540e-03 1.018910173095676809e-02
3.976229791975103081e-03 4.956925056570552976e-03 9.203197356968061404e-01 4.609152201650411340e-02 3.238281012943144792e-03 6.845213098527079456e-04 1.092118357996934262e-02 3.141169147094867616e-03 6.670432388284008689e-03
6.617989999578667354e-04 1.736584924592423501e-02 7.878341617912663075e-01 8.417112895254177940e-02 1.852854448016472838e-02 2.340242959649549252e-03 3.205813784069082295e-02 3.277906285298482630e-02 2.426107287681993768e-02
1.829948870922941048e-02 1.150505566337362284e-01 2.247946853656768995e-01 2.709597931140276250e-01 4.551830448506359594e-02 2.808145965049683168e-01 7.448039455906568622e-03 1.903826112563098208e-02 1.807627460576029937e-02
1.693402628980433811e-03 5.758828015683211676e-01 3.516239342958711878e-01 2.050711031200235304e-02 1.650018962488077143e-03 2.121564261941161905e-02 1.322518732738486857e-02 6.149384054752878373e-03 8.052518230787527806e-03
1.138197134480482993e-02 5.793234849952474258e-03 8.712522918293192919e-01 8.679868295620213337e-02 5.626443188983034152e-03 2.317089877099023660e-03 4.565610261055031219e-03 6.452742804108073556e-03 5.811932888476002528e-03
7.323627137700514924e-04 8.941187297381024413e-02 1.547877952060989493e-01 7.322226848815250877e-01 1.892830691592517055e-03 1.080276224684734816e-03 2.017696467242294147e-03 1.301555546070660117e-02 4.838925380569547227e-03
2.720075587625451347e-02 2.003854566181457846e-03 8.837191816281070311e-01 7.583021536917330940e-02 2.023165996720179428e-03 9.940218455410322531e-04 1.963512382904307376e-03 3.477081713656239061e-03 2.788210621462023069e-03
5.105766442748499445e-01 2.667129340754891276e-01 6.406107676842414875e-03 4.832835108836693039e-02 1.009805296454228778e-02 1.275030685838268729e-01 8.118803350518653122e-03 1.105872984588684993e-02 1.119730813967695013e-02
2.951892487666359349e-03 1.707315775076029664e-03 8.876696542937170809e-03 9.486015999015317002e-01 5.994643433037677785e-03 6.727115550343981849e-03 5.668460710963088914e-03 9.679645044333851436e-03 9.792630554110183169e-03
4.376980387944895759e-03 1.169574975349842519e-02 9.018857625599178141e-01 5.132676569362589619e-02 4.144981996899618250e-03 6.902426720525618904e-03 9.920796843095750286e-03 5.483943950192941494e-03 4.262592094298847320e-03
8.612863353665674987e-03 1.188927797936499206e-02 5.995442046698194055e-02 7.583480444175109136e-01 9.398804623772270134e-03 4.317957173201660698e-02 5.241958094669076779e-02 2.781447007441963451e-02 2.838296640557720282e-02
1.122483847187031800e-02 3.154302431197199795e-03 9.100758488046981620e-01 3.646957460406119456e-02 4.867274118422792832e-03 5.638835561292613978e-03 4.241042735164838283e-03 1.265393340512271925e-02 1.167434986817013874e-02
3.354248231499055814e-03 5.379232059267310961e-03 9.012081235299997939e-01 7.620223673910511697e-02 1.320442666232669090e-03 8.266409984186080025e-04 1.900108150241001893e-03 5.080428496807931280e-03 4.728539128428315211e-03
1.226773581572461816e-02 5.818277404143147591e-02 1.439155347331428150e-02 2.203055760779040403e-02 3.016668685516856515e-03 8.558961207552522321e-01 7.438172086390205592e-03 1.881378933423983810e-02 7.962628200340084172e-03
8.805856299343779725e-02 5.342017767932528971e-02 6.602250221021234433e-02 2.580532674875848226e-02 2.753381684372250334e-03 6.968012533578465950e-01 6.591408445296613808e-03 3.712308044377159166e-02 2.342430643697916010e-02
7.113461843113476346e-03 2.619403832850950714e-02 8.173376695181223672e-01 6.748282381044858058e-02 4.029286791532424652e-03 3.406358495409773229e-02 2.634626427579211255e-02 1.176356948581639729e-02 5.669300992567435742e-03
1.085084229671414531e-03 1.925961516467817203e-03 1.958516022459129147e-01 4.328645018208486794e-01 2.829653467070070150e-02 4.101126794848862500e-02 1.573333951266470826e-02 2.760875613591241562e-01 7.144146696120909704e-03
5.478098479506058813e-03 8.226416889334179500e-03 5.980919171130568562e-02 6.112182227810123436e-01 4.720172350306065315e-03 1.796977636940421189e-02 1.672936407907731349e-01 1.086363587054433449e-01 1.664812192291494769e-02
1.741116325701567297e-02 1.393560248176210214e-01 6.704383114525792609e-01 1.103973174419879549e-01 3.728280255366626765e-03 7.212020338050816048e-03 1.253331986166127121e-02 2.167124420633972925e-02 1.725231836937763177e-02
2.885213643267367945e-03 1.514463942508769423e-01 6.032766901474431176e-01 1.044306309309589176e-01 2.623745874569716370e-03 9.835282336582998330e-02 2.528967177738961070e-02 6.337377775264822766e-03 5.357452234399541838e-03
1.593872291297105184e-02 2.637344607674094871e-02 8.202378387620299360e-01 2.929889620100966166e-02 2.329406552696555201e-03 1.932684926628866831e-02 6.649892426179119902e-03 6.485754963008402707e-02 1.498739817200008331e-02
5.513821947269488891e-03 3.760293581486640578e-03 9.685037676819978625e-01 4.944517140266997506e-03 1.616106509036695574e-03 4.723042574091618206e-03 4.431735350851999378e-03 2.052915804089596764e-03 4.453799410909117969e-03
2.051563789987524700e-02 3.345546799504278777e-03 9.415608137541260358e-01 1.784237518450120658e-02 1.905632424220108246e-03 2.016387238856488968e-03 1.832625298825102302e-03 5.230249394375436137e-03 5.750732005716010717e-03
2.185698014146798124e-03 8.482784242842131978e-03 7.411602663764835786e-01 2.293693852669992927e-01 6.775285417405953366e-03 9.142100226200943185e-04 1.155146307297052945e-03 3.043752234550915845e-03 6.913472117654170628e-03
1.014533171030654844e-02 1.766400725022667512e-02 8.424130027562070078e-01 7.538075514180746228e-02 1.315028628423544829e-02 7.798466583296738593e-03 1.821583764128517939e-03 2.373854734338167599e-02 7.888019166409859437e-03
1.895678471802464101e-03 1.055100945628431250e-03 8.984900069117587318e-01 5.290178861764431584e-02 4.870819589734504476e-03 3.863155035970821001e-03 1.267788930452428894e-02 1.349594779592289649e-02 1.074961332701363480e-02
3.792076594896274079e-04 7.534931287755175294e-04 9.525262061796869739e-01 7.492650903773392934e-03 1.698050842057019592e-03 3.046051257065148822e-03 1.265649228646800392e-02 1.653276385893454742e-02 4.915083883749652230e-03
4.857084351546665096e-02 2.390449930582404237e-02 7.762927386271890606e-01 5.418813863321766261e-02 2.002484470028500357e-02 7.680602376342554258e-03 3.200703937041746855e-02 2.634027230100560724e-02 1.099102117025197757e-02
2.781186227938996398e-03 2.334728401963468217e-02 8.619204523887200597e-01 6.280840994028777380e-02 5.884205116463753563e-03 1.803672606318418997e-02 1.415176722274211554e-03 6.664802109418081419e-03 1.714175741207826092e-02
2.654624773237295593e-02 9.365977165939212701e-02 7.791707867827346590e-03 1.317967748417044928e-02 2.381107205458213305e-03 7.985386794296935875e-01 3.156433254001009964e-02 8.393047664138781130e-03 1.794542841693636329e-02
7.052459823515241748e-03 2.341034959307902036e-02 2.565923148439778201e-01 6.543406771566809832e-01 1.645435910545978847e-02 2.327099709026965186e-03 1.701335205443575346e-02 1.590602459458256152e-02 6.903363119241938406e-03
9.135434431347509709e-02 6.583104489574878038e-01 3.529738201959400218e-02 9.533625784889249513e-03 3.468068991585736283e-02 1.093488745360816222e-01 3.837491635250641492e-02 9.279907294730323913e-03 1.381981082537797959e-02
4.560024673865344796e-03 1.728486729716298452e-03 1.932454373382853641e-01 1.775202334006588736e-02 3.192730610767712841e-03 6.104478783025197863e-01 1.535804954773488384e-01 9.249650784513212959e-03 6.243272742917444808e-03
4.902365269562008673e-03 8.949793632505167323e-03 4.946258028316112554e-02 1.754420783149723134e-02 7.770700984087400721e-04 8.047463879262908293e-01 7.155679698049281778e-02 5.392374124153676181e-03 3.666842385392829473e-02
6.006746225859786910e-03 2.012942337050828770e-02 3.509177588747394716e-02 8.475908820380899655e-01 8.268312309328002332e-03 2.848872875572352331e-02 4.758967599409602914e-03 4.204252924714478590e-02 7.622634566462035792e-03
2.462741167269854713e-03 5.355664333099481589e-02 8.904999632454082548e-01 1.998574751970632474e-02 7.299795316926910478e-03 3.775505265296174966e-03 3.180725073971715604e-03 5.683139944278383163e-03 1.355573913614751061e-02
1.674348878744858979e-02 2.375424343301930225e-02 5.895837778358322678e-01 2.261069488056530186e-01 1.384636332474934936e-02 6.102095517453022533e-02 1.631745833123104950e-02 1.683529194873945034e-02 3.579147235879669153e-02
5.584940593806508782e-04 2.686475213378837143e-02 9.326336220084204820e-01 1.718442034338525312e-02 4.572400277489134870e-03 2.424811498787789090e-03 3.759870842296061250e-03 4.709930831332970538e-03 7.291698005119226327e-03
2.730708483549637924e-04 2.047250515074111252e-02 3.110450134410903678e-01 6.211503249963851170e-01 4.147533713557483188e-03 4.402491465963552161e-03 1.320780786048988444e-02 2.165415864215344214e-03 2.313583665920224824e-02
6.435062940818444925e-03 1.003167745009873706e-02 6.742077982193704633e-02 8.930971506177423080e-01 3.895945690146083128e-03 4.853795767038218689e-03 3.547274929247743423e-03 6.107182251916212778e-03 4.611130531055243793e-03
7.598811311577827361e-03 8.113301904712230672e-02 5.109806461143732992e-02 2.046917363765151862e-02 4.847547811465510031e-03 2.894104611405250854e-02 1.725286258716913351e-02 7.774672080598687973e-01 1.119226681965518506e-02
2.413736285869115365e-03 1.791867319463766595e-01 7.269268621359110671e-01 7.683457402739067577e-02 2.069037188462871310e-03 2.451509623615462157e-04 9.514997164968126914e-04 1.431972275315212140e-03 9.940435461816041207e-03
2.958742545608639314e-03 1.635912722237694086e-02 6.138047404093009002e-02 5.671147782434262513e-02 5.453695671669487113e-03 3.627387156705684512e-02 2.741392019713227435e-01 5.293793320181594542e-01 1.734407713853319474e-02
2.756267593525220660e-01 3.821582824378512433e-02 1.861456047538895819e-01 2.804305117498833710e-01 2.855659324786697512e-02 1.440831204306886326e-01 8.774534457018312583e-03 1.590949614859812206e-02 2.225755161574774835e-02
2.420298612903975799e-01 2.810735509974454649e-01 3.262914470696249847e-01 8.959899763857004373e-02 3.963270796844219068e-02 1.568568043717662955e-03 6.920127969896434309e-04 1.090764209228594142e-02 8.205212102526556611e-03
8.448451306330977406e-01 1.100996807674599690e-02 3.698831542811095718e-02 5.178282640803083536e-02 1.811122767602175651e-02 1.200613168152330108e-02 1.757344807414013997e-03 8.113957888385012890e-03 1.538509740067046071e-02
1.496238679100715327e-03 1.164833052330792361e-03 9.424883933906180733e-01 4.252964572847597879e-02 1.345524358906268706e-03 1.961505313073618785e-03 2.548244436218745010e-03 2.542217175997903578e-03 3.923397865278060483e-03
8.840944511945369663e-03 1.668455986951518366e-02 8.850479481966244677e-01 6.259771790998362728e-02 7.339919892253327083e-03 4.762699372049465467e-03 4.638138354405063439e-03 5.002995478636473002e-03 5.085076414586999285e-03
